      25 340 100
      26  60   5
      27 102  15
      41 230 100
      42 100  31
      43 103 325
      57  12  10
      61  35  31
      63  32  30
      65   6   1
      69   4   5
      73 100   0
      81 100   0
      89 100   0
      97  60 350
      98   2 106
      99   0 310
     105  60 350
     106   2 106
     107   0 310
     113  10   0
     115   0   1
     125   4   6
     129   0  30
     130   0 107
     131   0 310
     137   0  30
     138   0 107
     139   0 311
     145   0  30
     146   0 107
     147   0 311
     153 324 340
     154 360 316
     155 101  14
     156   0   1
     161 324 250
     162 360 317
     163 101  16
     164   0   1
     170 100   0
     171   0   1
     177   1   2
     181   5   6
     185 340 350
     186 360 167
     187 101 312
     193 340 350
     194  60 167
     195 102 313
     201 340 350
     202  60 167
     203 102 313
     209 120 140
     210 372   2
     211 372   0
     217 120 140
     218 372   2
     219 372   0
     225   0  10
     226 100   0
     233   1   4
     237   6   4
     241  60   0
     242 353   2
     243  74   0
     244   1   0
     249  60   0
     250 153   2
     251  75   0
     252   1   0
     257  60   0
     258 153   2
     259  75   0
     260   1   0
     265 220  44
     266 264   0
     267   4   0
     273 220  44
     274 264   0
     275   4   0
     281   0   4
     282 100   0
     289   1   4
     293   6   4
     297 300 120
     298 237 106
     299 101 310
     300   1   0
     305 300 120
     306 137 106
     307 102 310
     308   1   0
     313 300 120
     314 137 106
     315 102 310
     316   1   0
     321 100 230
     322 237   0
     323   1   0
